151,5,99,5009,99,99999,9999,,9999,47.046360,-122.857498,1438359208,5,0,0,96,
153,5,99,5015,99,99999,9999,,9999,46.999134,-122.916565,1438359187,5,0,0,136,
154,5,99,5006,99,99999,9999,,9999,47.020832,-122.896881,1438359199,5,0,0,93,
155,5,99,9002,99,99999,9999,,9999,47.038158,-122.802338,1438359233,5,0,0,6,
156,5,99,7002,99,99999,9999,,9999,47.045040,-122.858475,1438359230,5,0,0,101,
157,5,99,7001,99,99999,9999,,9999,47.000000,-122.917328,1438359213,5,0,0,100,
158,5,99,5013,99,99999,9999,,9999,47.052399,-122.844391,1438359176,5,0,0,132,
159,5,99,5004,99,99999,9999,,9999,47.050167,-122.797760,1438359219,5,0,0,91,
161,5,99,5011,99,99999,9999,,9999,47.047832,-122.935844,1438359193,5,0,0,98,
162,5,99,7007,99,99999,9999,,9999,47.003025,-122.810684,1438359218,5,0,0,106,
166,5,99,9001,99,99999,9999,,9999,46.939632,-122.610832,1438359244,5,0,0,5,
170,5,99,5008,99,99999,9999,,9999,47.022598,-122.909660,1438359190,5,0,0,95,
171,5,99,9004,99,99999,9999,,9999,47.046276,-122.921364,1438359245,5,0,0,8,
173,5,99,7003,99,99999,9999,,9999,47.040218,-122.793510,1438359225,5,0,0,102,
174,5,99,5018,99,99999,9999,,9999,47.035976,-122.823708,1438359196,5,0,0,38,
175,5,99,5003,99,99999,9999,,9999,47.005165,-122.881683,1438359202,5,0,0,90,
176,5,99,5010,99,99999,9999,,9999,47.049992,-122.823517,1438359239,5,0,0,97,
177,5,99,5007,99,99999,9999,,9999,47.046707,-122.887108,1438359227,5,0,0,94,
178,5,99,5001,99,99999,9999,,9999,47.064098,-122.765511,1438359216,5,0,0,87,
179,5,99,5002,99,99999,9999,,9999,47.056568,-122.842354,1438359221,5,0,0,89,
400,41,99,4103,0,-60,555,HADV,554,47.048958,-122.925758,1438359244,41,4103,0,1014,
402,609,99,9915,0,360,554,L&I,560,46.982777,-122.919540,1438359217,609,9915,0,1029,
403,94,99,9404,0,0,555,OTCD,555,47.046192,-122.899590,1438359224,94,9404,0,2015,
404,622,99,4401,0,420,553,LTCD,560,47.042500,-122.829620,1438359188,622,4401,0,1009,
405,41,99,4104,0,-60,559,EVDL,558,47.075649,-122.947472,1438359243,41,4104,0,2005,
412,48,99,9403,0,0,557,KACP,557,47.071609,-122.976952,1438359218,94,9403,0,1004,
413,621,99,4406,0,-180,556,MWPT,553,47.047298,-122.844276,1438359200,43,4406,0,2011,
414,622,99,4402,0,300,554,PCRC,559,47.036549,-122.745461,1438359234,621,4402,0,1022,
416,43,99,6203,0,0,553,TWSQ,553,47.018375,-122.899002,1438359199,43,6203,0,3014,
421,13,99,4101,0,-60,556,CW11,555,47.026634,-122.900795,1438359214,41,4101,0,1015,
422,13,99,6601,0,-120,559,CBLE,557,46.979893,-122.918327,1438359213,13,6601,0,1013,
423,94,99,9401,0,0,555,YEHS,555,46.942474,-122.607437,1438359162,94,9401,0,1007,
424,66,99,6604,0,60,553,22LI,554,47.027584,-122.804108,1438359201,66,6604,0,1019,
425,94,99,9402,0,-120,559,AMTR,557,46.996174,-122.819016,1438359239,94,9402,0,2010,
429,13,99,4102,0,-120,557,CBLE,555,47.011066,-122.905014,1438359229,41,4102,0,1021,
921,60,99,6001,0,180,557,LTCD,560,47.040424,-122.833748,1438359228,60,6001,0,1028,
924,64,99,6402,0,0,558,AMTR,558,46.991135,-122.794777,1438359190,64,6402,0,2025,
930,12,99,1202,0,60,554,TWSQ,555,47.018116,-122.898575,1438359236,45,1202,0,2020,
931,47,99,6804,0,-60,558,CM,557,47.046059,-122.927704,1438359217,47,6804,0,2016,
932,64,99,6401,0,99999,9999,OTCD,555,47.046375,-122.900200,1438358909,64,6401,0,1018,
933,621,99,4407,0,-180,558,MWCR,555,47.057190,-122.769165,1438359189,43,4407,0,2013,
934,13,99,6605,0,0,555,OTCD,555,47.046494,-122.900352,1438359244,13,6605,0,2022,
935,622,99,4403,0,-360,566,LTCD,560,47.046383,-122.856827,1438359236,44,4403,0,1020,
937,621,99,6201,0,-60,558,MWCR,557,47.048592,-122.823730,1438359195,43,6201,0,2014,
941,0,99,6204,4,99999,9999,OTCD,555,47.046257,-122.900459,1438359205,43,6204,0,2002,
942,43,99,6202,0,0,558,OTCD,558,47.046375,-122.899986,1438359194,43,6202,0,2012,
943,44,99,4404,0,-60,556,TCCH,555,47.028442,-122.922371,1438359218,44,4404,0,2021,
950,101,99,1012,0,-120,562,FARM,560,47.035507,-122.901062,1438359193,101,1012,0,2023,
953,101,99,1011,0,120,555,INSU,557,47.037876,-122.900841,1438359206,101,1011,0,1016,
960,47,99,6802,0,60,564,OTCA,565,47.044140,-122.912086,1438359225,68,6802,0,1023,
961,66,99,6602,0,0,555,OTCD,555,47.046066,-122.899986,1438359198,66,6602,0,1001,
963,66,99,6603,0,60,556,LTCA,557,47.043293,-122.823792,1438359203,66,6603,0,1006,
964,21,99,6002,0,-180,557,FG26,554,47.061707,-122.882080,1438359216,60,6002,0,1010,
971,67,99,6701,0,0,557,LFFO,557,47.003265,-122.750549,1438359132,67,6701,0,2001,
972,64,99,6412,0,0,557,14CC,557,47.043324,-122.833549,1438359207,64,6412,0,1026,
974,12,99,1201,0,0,555,OTCD,555,47.046200,-122.900291,1438359197,12,1201,0,2017,
975,12,99,1211,0,0,559,LW6,559,46.993774,-122.922287,1438359219,12,1211,0,2006,
976,609,99,9916,0,60,554,HPPR,555,47.068417,-122.762573,1438359245,609,9916,0,1030,
977,60,99,6012,0,180,562,OTCA,565,47.044033,-122.889328,1438359186,60,6012,0,2009,
981,68,99,6803,0,-60,558,CW11,557,47.019009,-122.898621,1438359220,68,6803,0,1008,
983,68,99,6801,0,0,556,PCBO,556,47.035675,-122.800568,1438359235,68,6801,0,1017,
990,48,99,9405,0,0,585,OTCD,585,47.046700,-122.899696,1438359231,48,9405,0,2004,
991,603,99,9902,0,-60,571,51PR,570,47.240318,-122.426506,1438359213,605,9902,0,1002,
992,44,99,4405,0,-60,554,SPSC,553,47.023224,-122.929192,1438359226,621,4405,0,1011,
994,605,99,9901,0,-60,556,LTCD,555,47.044266,-122.843842,1438359211,605,9901,0,3003,
1223,1,99,2,99,99999,9999,,9999,47.067440,-122.762886,1438359216,1,0,0,2,
1225,1,99,1,99,99999,9999,,9999,47.050999,-122.901466,1438359126,1,0,0,1,
